	R0.1.1	R0.2.1	R0.3.1	R0.5.1	R0.6.1	R0.7.1	R0.8.1	R0.9.1	R0.10.1	PR.2.1	PR.3.1	PR.4.1	PR.5.1	PR.7.1	PR.8.1	PR.9.1	PR.10.1	ER.1.1	ER.5.1	ER.6.1	ER.7.1	ER.10.1
O15062_S371_1_1_NO_Single	-1.15560840330296	0.35698297858128	1.07636608353899	0.683802386365088	0.73182179528967	-0.681778004676164	0.23160775767828	0.0393989566788455	-0.700994225442182	0.148032438109118	0.58655374872407	-0.286325783784817	-0.245903037009005	-0.00803949965785176	2.34962035770057	0.115433934013462	-0.21087502171554	0.36614636438059	1.90189104256156	0.0376575995913918	-1.00766767635994	-0.0915863582865572
O00470_S196_1_1_NO_Single	0.412444450935732	0.0257961380751907	0.350551016238477	0.749789303416795	-0.386803259820228	-0.724638704183835	-0.415368584388186	-0.311303998474089	0.364984195480234	0.0161912355685521	-1.10792411849121	0.429775562029436	-0.838201070810995	0.367379626129898	-0.104170618804109	-0.403736821826297	-0.570988127009921	-0.185609024528398	0.0432854607681815	-0.201561442677185	-0.0237960691412343	-0.224578571699206
O00712_S264_1_1_NO_Single	-0.495684645142618	-0.0140792210035436	0.0117172346214495	0.106011084849015	-1.71555063075336	-0.261360090159573	-0.331466189140059	-0.339560754523305	-1.44408702047245	0.147762790811377	-1.44613557557478	-0.423954063600267	-0.615912711788516	-0.748587597905493	-0.939137810430287	-0.348513773580627	-1.27060222493976	-0.218333595799397	-0.976938282857473	-1.50958778374469	-0.423242066713627	-1.07966190792402
O14497_S1754_1_0_YES_Single	-0.752687097219992	-0.743506631859273	0.07891230637161	-0.534126852254213	0.627136655993404	-0.188342496906867	0.375430774764761	0.281549408297402	0.00410160952730235	-0.250864723628444	0.199888462820351	-0.57600913296375	-0.541653081410351	-0.458406015549326	-0.024703776786343	-0.375927904568412	0.728000520910444	-0.119452521055252	-0.089472010517855	-0.0823203930394399	0.231858966394689	0.177292193788625
O14497_S1755_1_1_YES_Single	-0.0758204587121597	-0.0903957782242541	-0.210204670367106	-0.501791195541666	0.733530719491702	0.333691929564228	-0.0490308979883425	0.303429458114727	0.190432526063304	-0.0428254340731095	-0.274007364839585	-0.573499686047173	-0.336544602760377	-1.02396699227173	-0.11645572870155	0.129922766659624	-0.204429075038381	0.43931749504651	0.0210635942452997	-0.347384738413966	-0.541194489444068	-0.966319063144694
O75376_S1472_1_1_NO_Single	-0.641701431234578	-0.852735950355543	-0.631266960903548	-0.200064973840882	0.245913495927388	-0.0324274633095673	-0.424460906260358	-0.150489143710763	0.322401540520287	-0.102991749805887	-0.517376847737329	-0.894914392790472	0.344298144489755	-0.64350277651089	-0.270106691520136	-1.0649395374071	-0.021670918710824	-0.459423262360404	-0.660409750068302	-0.396043119340173	0.190258490006533	-0.409817436595906
O75376_S2120_1_1_NO_Single	0.21806592188945	-0.330898819743732	-0.448442499056883	-0.108997513679985	0.230017235137422	-0.528769958392825	0.0758977555674	-0.424837603060186	0.86205003827999	-0.533582748284473	0.164429903695034	-0.188409651973852	-0.892302594819145	-1.21050318997772	0.84728854526833	0.306892899417158	-0.153178444531692	0.138883126570223	0.550111414766364	-0.507174464689896	-0.487783595352667	0.025700940902851
P05114_S7_1_1_NO_Single	-0.542669660486826	-1.58628878528352	-1.89296993471756	-1.64196453264764	-1.21645684478753	-2.08606114270808	-1.52201212867556	-1.43016885882379	-1.01441747116312	-1.31474123394661	-0.271614495988857	-2.06103812101954	-3.05388307138906	-1.56745454390705	-0.759960064328671	-0.882517378623869	-1.19748401047261	-1.4182222771953	-1.16877790000116	-0.841091517518709	-1.63542546118917	-1.08677596095402
P05455_S366_1_1_NO_Single	-0.246291267270228	-0.0101826121199136	0.257194434904286	-0.0533860419972157	-0.501276303355835	-0.410340085279204	0.89170603548462	-0.412422673018239	0.318697534240251	-0.382049748834333	-0.442768704249527	-0.68496336654153	-0.507238885181703	0.408286925816436	-0.535928505825547	0.542151623173304	1.37058709131033	-0.390140857751046	-0.224157733163622	-1.19235402174855	-0.600845712748323	0.59466923287913
P06748_S70_1_1_YES_Single	0.289558605683521	-0.477053913568489	0.215303242689814	0.0996771308016908	0.748190322271795	0.852922015062769	0.286832066516818	0.265037990737577	0.25874490561034	-1.04740032685262	2.05882316938937	-0.412218812701507	0.211447413367336	0.987989883940036	1.58972878709441	0.852120727658375	0.181930674406663	0.932985528095521	0.536548326863896	1.37776925669667	0.603687436489403	0.224658783238518
P08651_S323_1_1_YES_Single	-1.17912446841899	-1.2994960577975	-0.562396037382494	-0.352435620038192	0.507189804398881	-1.03481812267582	-0.457406127737846	-0.550431863039121	-0.935668641312515	0.156349406180781	-1.10487882017757	0.533164378205715	0.0968796053834354	0.344756174355796	0.296423632725103	-0.644010182955045	0.0630558181283095	-0.0891107498317971	-0.350035491795859	-1.66786703943811	0.121511008694309	-1.61340280028786
P17480_S389_1_1_NO_Single	0.256180830183245	0.242391814618906	0.415158812241169	-0.576273857379403	0.2578916430516	0.602183423914061	0.35767134274573	1.51042543096838	1.29030233971108	-0.233568307099492	-0.672939386824549	-0.131736911419776	-0.72078693515446	0.0089045199334454	0.408709567313832	1.38955359251094	-0.325070378655519	-0.374685842782112	1.17229216374946	1.51288565826395	0.72071651349889	-1.23326143709826
P17535_S100_1_1_NO_Multiple	-0.904244838231042	-0.154191408169172	1.54114423480056	-1.33893160480769	-0.710322235810918	-0.809014740815821	0.641818063954642	-1.19515785445405	-0.176142386913954	-0.729313995213461	0.969422605905203	0.502456318434323	-0.119578350973796	-0.531276034519855	-0.174676404493243	-1.32519896262072	-0.285559614311975	0.530282569916343	0.108159635595813	-0.679419675485155	-1.24100010484547	0.03259170173365
P23497_S157_1_1_NO_Single	0.0274057185389852	-0.231005927780629	0.132443983012399	-0.425844366248408	0.193691087512945	-0.448857613122653	-0.172344293987722	-0.0277160265168058	0.376852436835699	0.101492130108766	0.693267510582783	0.17222005936205	-0.187581138321641	0.113430690183489	0.305077368481048	-0.0714014141984514	0.278332582115219	-0.337709870008776	-1.11692373808154	-0.287293818415644	-0.12551381010361	0.0730167651277597
P25054_S2449_1_1_NO_Single	0.52469500450538	1.21674520308235	-0.700929805686449	-0.505593771272329	-0.796288217037759	1.25706848023937	0.206886845679526	-0.301411375087934	-0.572684847595925	-0.531072411271719	0.558298798658649	-0.52701069462147	1.02887696217375	0.405502477989198	0.747243478186928	0.447956587937134	0.422926778780937	0.377933530051675	-0.231565241423736	-0.644931177493534	-0.0552174396769024	-0.328194704905416
P29590_S36_1_1_NO_Single	0.21514167408538	0.424152029104232	0.0277512573785997	0.469337459689498	0.549022300511088	0.725714634240652	1.31933377432154	0.0943540279066812	-0.16514292668923	-1.29404796746675	0.589542756255354	-0.390787520090559	1.05004240934193	0.412056858704096	0.0275148429438848	0.959782689286415	-0.979798337733646	-0.0628465128106276	0.185561246516071	0.800745862650087	0.888702391811402	0.792345839531514
P29590_T867_1_1_NO_Single	-0.699690565312996	-0.253686113194983	-0.340680373563432	-0.239445606473854	-0.241782660371839	1.16408311139718	-0.13533452706673	-1.20130793616575	-1.00812072912298	0.697217761569886	-0.862161485067482	-0.997256276245501	0.074671358500441	0.0129746625049715	-1.33349382951417	-2.50286084076729	-0.544570865037668	0.700762839630016	-0.190495031132591	-1.59461415238293	-0.723483572882052	-0.837934448046155
P29590_S505_1_1_NO_Single	-0.346025635832933	-0.0517759419744112	-0.486887206476222	0.077597508507787	-0.270220987150391	-0.534746937755166	-0.137848704155621	-0.270025904319319	-1.495236896542	-1.50732435681629	0.554370610329553	-0.516501447914549	-0.320331183054995	-0.453822067044328	-0.106201486427677	-0.0608964637564275	-0.609632010817647	-0.268782596454115	-0.152697385878052	0.183122313380516	-0.119195881730658	-0.200946478044375
P29590_S403_1_1_NO_Single	-0.0718152651480971	-0.391138882311469	-0.895430163707075	-0.474968996868227	-0.0495606828075908	-0.18835149876554	-0.722831103065798	-0.205000319144366	0.234977250522424	-0.431857815450996	1.52175451932869	-0.279638220559773	0.136451457069102	-0.601717997153692	0.654645301367592	0.44591708852015	-0.230937789597736	-0.0169306117069878	-0.515993576364488	0.522241664959078	-0.462873927748716	0.0642972133280862
P35222_S191_1_1_YES_Single	-0.107504364755417	-0.482404709124479	-0.310076723129677	0.647810323296635	-0.105926590595841	-1.13912546309097	-1.02891512973254	0.829417752633566	0.322938616629684	0.467099501464343	-0.0282510250565664	0.242856176194956	-0.950754907772536	-1.77915776745329	0.496451867587924	-0.732569915298103	-1.83257334785796	0.111842737830437	0.574146340918127	0.146130617096021	-0.117521609650681	0.332616562398892
P38159_S208_1_1_NO_Multiple	-1.07894205141732	0.0800084203478081	-0.18570344271693	0.106414737618228	-1.44000299587392	-0.279335284649203	-0.48473030277236	-0.667693848353696	-0.141217459468867	0.0321213356902247	0.380311156177128	0.156380188715546	0.358108157447009	-0.0739366166025548	-0.657681202813552	0.145051006345716	-0.0508627575564078	-0.908704601737998	-0.24348536142804	-0.238019088710248	0.685540273980868	0.171576613161607
P38159_S352_1_1_YES_Single	-1.21836928218723	-0.00562804749644875	-0.363947564743152	-0.206297223525919	-1.30098819259496	-0.971064844216961	0.49449107653363	-1.52892269324209	-1.00521858138921	-0.678139770105857	1.08546694219035	0.211673521719703	-0.0813858361691706	-0.151797869588765	-0.298254034399595	-0.637833450799574	0.0815966246487421	1.51207458301314	-0.104146214177625	-1.23580760845127	-0.0468701574950039	-0.803167807905342
P39880_S1496_1_1_NO_Single	-1.65092681097854	-1.68545540413848	-0.508703926051594	0.563710719700606	-1.3724971814386	-1.89903846361127	-0.747490576524001	-1.30099940807028	-1.98325748618877	-0.486197389339155	-0.215398499161642	0.47633246215379	0.372162644276713	0.21418581665011	0.172464335242821	-0.0441593327024665	-0.125660405688756	-0.651656552181707	-0.222883007621918	-1.44228037050538	-0.558948524223793	0.524961776499667
P42224_S727_1_1_YES_Single	-0.404513686431324	-0.406072308230498	-0.217487794818642	-0.200772974354896	-0.910062456039516	0.544362921921821	-0.0622337367637034	0.080543813639774	0.395673459500172	0.531824597518892	-0.240927938177253	-0.680078446968978	-0.129027264912364	-0.0786958641739814	-0.131458120162628	-0.791174658968716	-0.23030730157579	-0.432034436356003	-0.149594074371795	-0.565074027781459	-0.482956441276259	-0.0448031625728562
P49736_S139_1_1_NO_Single	-0.0834984176471828	0.197024470212126	0.212927051509434	0.377126914562493	-0.323113548809914	-0.140000783059026	0.353388512757256	0.280583086916242	0.0223680102059814	-0.144513641780774	-0.0595390774928927	-0.247957929530589	0.0596773318899566	0.146520986579459	-1.21877878585381	-0.11503827124188	-0.266826509369133	0.194835639960275	0.157793404767301	-0.206952699883476	0.0177700875698284	-0.0324924661455383
P49736_S41_1_1_NO_Single	0.485450452025538	-0.557657888799575	-0.123058191603011	-0.105600787771189	-0.261478411468143	0.000436777029112993	0.266175087640042	0.317508353642164	0.740209575552923	0.830737394585062	-1.04759466674421	0.752983285379803	-1.75837749512764	-0.838204836642631	-0.426515096221711	-0.825751366618198	-0.381480716990627	0.473361959997357	-0.102964320990452	0.235291414381096	0.0076749442456002	-1.42896477530711
P49736_S27_1_1_NO_Single	0.444851557150811	-0.124134088360375	-0.0161311488775015	0.0454043672666677	0.183413587203993	-1.33400001578441	-0.781910623104397	-0.704011320934055	0.201706679682409	-0.545145505434651	-1.01240836763347	-0.151539420108342	-0.860747332767769	-0.442795446531553	-1.22167360019875	0.27625998326915	-1.38217335848189	0.0501186856907211	-0.0240569048597335	-0.36850973296512	-0.191837436495051	-1.26678337427622
P51532_S1382_1_1_NO_Single	-0.0301046992784411	-1.0192670389299	-0.160144694479502	-0.293118765840988	-0.179820031511888	-1.131967596751	-0.231491738840329	-0.205793918508404	0.654091611638508	0.0310131376378442	-0.668998579232992	-0.236363828631487	0.565828076011418	-0.320419963106894	-0.573226752834691	-0.62853986093788	-0.477241160699009	-1.81016316518057	-0.374312007691385	-0.801044806976079	-0.57059557276677	-1.76046472790072
P51858_S165_1_1_NO_Single	-0.117288052561267	-0.305398474040947	-0.356785327686609	-0.0328542370504725	-0.110585075657171	-0.249785866982826	-0.162567269654694	-0.502195347709291	-0.0295227592103449	0.017061970298971	0.140529461896072	-0.351517689852401	-0.0255406078002858	-0.0839174682765972	0.123693783068518	-0.0771227720665213	-0.0428467685311116	-0.74471242631003	-0.469631712283485	-0.449327147244622	-0.309928115156899	0.294581990838464
P67809_S165_1_1_NO_Single	0.279027277228318	-0.400136975512789	-0.343803369625089	0.183916437174091	-0.376945737443731	-0.151827995854705	-1.37774815379809	0.365044466325788	1.07157717170218	0.57942999477154	-0.0825613006823268	-0.101311400982439	-0.794528811848695	-0.186830692009815	-1.7552377905278	-0.996573345695606	-0.484529546009511	0.129652586852069	-0.101320776839298	-0.77077412369329	0.0169520289868218	-1.43214860368669
P78347_S103_1_1_YES_Single	0.0242957567656789	-2.22246465922981	0.497152891540675	-1.51918438653545	-2.56975840157481	-0.434998414257877	-1.33355225936415	-0.959146824324034	0.129181106441224	-0.627025021524555	-1.78816460422465	-0.296114853091522	-0.536895465191434	-1.11443047849493	-0.306336445108304	-1.20232656346997	-0.76825616805298	-1.06759176833311	-1.86902832565041	-1.89151404601654	-2.26539353871169	-2.10911492873638
P78347_S674_1_1_NO_Single	-0.00141056866583139	0.234617610731125	0.161309413460383	-0.218375159692972	-0.0133388919898236	-0.819325129969954	-0.870981644183731	-0.369294705657868	0.433332217965664	0.171613543253129	-0.714291984284336	-0.0103908040557041	-0.774008773994736	-0.777359245444441	-1.10287606447845	0.400014075271182	-0.677527543909753	-0.216478279969848	-0.343831797052504	-1.09360443225661	-0.635378680585239	-1.02664283400726
P85037_S445_1_1_NO_Single	0.343192153403346	-0.584534713331798	-0.261982122308402	-0.130132334723843	-0.463220536357811	-0.100819228874904	-0.0504852208141841	0.598494153177684	0.136514655655038	-0.625774940695813	-1.50291159647699	-0.425383265508872	-0.352086895789409	-0.584171296223684	-0.413990283841442	-0.74448493796697	0.484365453797169	-0.959626615999483	0.310059689376986	0.0326102839955424	0.187888677293341	0.0339470155551501
Q02880_T1292_1_1_NO_Single	-2.20133852688077	-0.907106080116378	-1.73069599452994	-1.24304543547486	-1.10360815761563	0.342848028728711	-1.01176100692068	-0.965293527723756	-1.42740842062452	-0.377446279995876	-0.564729124921964	0.114807531148126	-0.168557172935901	0.359444865277314	-0.979678084594809	-1.96638549673644	-0.497474056950713	-0.767355362853766	-1.3521411593514	-0.536362364334843	-1.36283929802315	-0.206723161491218
Q02880_S1375_1_1_NO_Single	-1.50145330289326	0.25914834064008	-0.398881783649326	0.17799594213001	-0.907870099751997	-0.488218613460581	0.879432056069105	-0.445691670833579	-0.0390003364808688	0.0343798707841573	-0.517150018416013	0.157327465309195	-0.152108355341014	-0.200767877750492	-1.04836591591443	-0.119349584525465	0.868231511690747	0.0796840806851145	-0.1348823859742	-0.680586187835282	-0.700535694066954	0.400097527569431
Q02880_S1613_1_1_YES_Single	0.14332413929131	-2.12029252395765	0.21433482140432	1.01432775736492	-0.525927749794779	-0.275406743797189	0.846356029471844	0.137513215408268	-0.0612253300102902	-0.29095825120255	-0.951951671005603	0.0238035284101726	-1.36577765067068	-0.157054415027388	-0.867072636114262	-1.87262564720523	0.135298379868388	0.436542391182554	0.164931696924979	-0.618443447903016	-1.20550797421871	1.2406473436051
Q02880_S1550;S1552_2_2_NO_Single	-0.374486477354805	-0.212825907838383	-3.58935117592986	-0.603387719031989	-1.4152907342997	0.357591443450587	-0.775772710468732	0.165253074708118	1.04040153241709	0.167180664358203	-0.0810085896445045	-0.683529523706942	-0.496526811015528	-0.726055245466436	-0.524891910232603	-0.458626111898487	0.364444145915357	-0.95394507553337	-0.861782306437013	-0.364391485307549	-1.42251136798782	0.00750619818698098
Q02880_S1466_1_1_NO_Single	-1.92126837083013	1.07085980568158	-0.942103670119658	0.894247920682129	-0.285019753707399	-2.50283105071331	-0.434057403763963	-0.743724332076481	-0.651147978376998	-1.00711271381337	-0.947525042921991	0.262736081087711	-3.81534318244987	-0.552443712911611	-1.37691964874162	-0.669408368489903	-1.00524883007987	0.071228619012136	0.0519602652268397	0.270039333951635	-0.651014773823455	0.986257348210608
Q02880_S1550_1_1_NO_Single	-0.355114497004401	0.429261790824265	-1.02531849730263	-1.54269012173682	-1.36495533402515	1.81736981201641	-0.36275088241507	0.708757674874715	0.142628431889018	0.592648257316203	-0.866380348564608	0.0715623767596735	0.264258480966629	-1.16777280145959	-0.421860812013119	0.198114234760257	-0.938709944073504	-1.10879304768877	0.0408795968857767	-0.864837117798201	-1.17589660441583	-1.53177162394162
Q03164_S2098_1_1_NO_Single	1.96630645942884	0.426578963945964	-0.238296502911357	0.579771879742676	0.342821754026049	0.130256220961349	0.34942876215701	-0.463250416704277	2.31971640291075	2.16779422109575	0.261701323875438	-0.154172077770108	0.468539060943807	0.307642131080817	0.00590724327205056	1.59960007939928	0.607324639309089	0.493326898703917	0.335298300106167	0.238110869733607	-0.094164077580331	-0.695101874519313
Q07352_S92_1_1_NO_Single	-1.12406546072535	-0.0939166595169944	-0.633118799506767	-0.344902284085912	-0.39364802567876	-0.564620963484278	-0.228637047247536	0.314372405008708	-0.558792495063158	-0.0394678080672067	0.666553629152093	-0.699108801226513	0.386725924260899	-0.355252967733402	0.171442408830064	-0.580422388685959	-1.08107021361774	-0.409547553867728	-0.53157360495407	-0.414373073496359	0.0887324550709185	-0.40070156530021
Q07955_S199;S201_2_2_NO_Single	0.888648337950087	-0.0219441492174273	-1.21049509636177	0.00812597581974356	0.203800134425245	-0.600757384616799	-0.145332743863454	0.0982223621213569	0.396920044829944	0.675999764533705	-0.46800800015506	1.42669950977333	0.458774206621749	-0.549499793199775	0.00715847159883658	0.110095303975897	-0.0612830204719467	-1.00886281901052	-0.0900800450850142	1.05025737072699	0.163718852064685	-0.344585708576024
Q07955_S199_1_1_NO_Single	-0.369462636037738	-0.31659373130544	-1.33462197733488	0.209634780941823	-0.00355749737325176	-1.3502547760688	-0.60510671814575	0.262172512992284	-0.221996589099145	-0.646999138315774	0.762448156520344	0.435903141685848	-0.390886524071996	0.376047730188306	0.806431220291971	0.543164762778407	0.154134156963685	-0.256645252121589	0.767583685499806	0.461516627588877	0.40535292898094	-0.290366932351223
Q12830_S216_1_1_NO_Single	0.397189553519537	-0.318149321195363	0.200869657044226	-0.0527773392053295	-0.00120942927019468	-0.374465271087277	-0.976771943353897	0.101185766122663	-0.173396747998558	0.0974110805266602	-0.772910426561401	0.240903100984071	-0.329394512955293	-1.07144937263276	0.654120982577882	-0.0153769962062029	-0.411936955842035	-0.0243185355428623	0.0289412558808563	0.0353010627033461	0.14370569538188	-0.992677565158896
Q12857_S280_1_1_YES_Single	-0.481384670308758	0.453311976645704	-0.491858050119934	-1.03657195794768	-0.0817991032701213	-0.0697190669809539	0.041423774713152	-0.361701074645843	-1.11602459791049	-0.445323811632644	-0.778151495434032	-0.611593771930014	-0.768573752288764	-1.92913253721412	-0.91352898840009	-1.04939694817242	-0.77227619412794	0.279600964358903	-0.320821542526902	-1.36818987617037	-0.560954411975932	-0.44313976315391
Q12888_S1113_1_0_YES_Single	0.0337481408614272	0.522938556017862	0.0271033507522628	0.278111595818011	-0.520543161714999	-0.627011573545431	0.869215251834104	0.553856094903845	-0.00777017653488652	0.14964660789884	0.0154154954574066	-0.294859666053293	-0.442028656305319	0.419218185074936	0.116890095673149	-0.037611880406928	0.350224684976903	-0.687045741367793	0.113888998343029	1.08938759092571	0.181520325038569	-0.0162748528925466
Q12888_S294_1_1_NO_Single	0.995545165053824	0.297684984846057	0.125253846521301	0.0241459061387605	0.635515752991585	0.023205446080453	0.252618363495635	0.296946699129734	0.252603581297243	0.85790452967338	0.0143434953740052	0.890325586711457	0.317664396396185	-0.64227089043893	0.142624935983349	-0.22356120833567	0.544463532269178	1.33872966347197	-0.0898043730952088	-0.398332958114018	-0.610025474525267	-0.0437773236972334
Q12888_S380_1_1_NO_Single	-0.462695937176415	0.363240872001255	0.0297170144952874	-0.499376941261473	-0.0553339041869142	-0.882805724024752	0.553554920301581	0.00916539655835983	-0.839654302800183	-0.878921625581709	-0.188489595034041	-0.784312789738039	-1.04477361531868	0.184731139042544	0.160574950652209	-0.278842460365082	0.665109384213501	-0.31160626423924	-0.34020758364301	0.0505396110371033	-1.33329308887301	-0.0258371340766672
Q12888_S265_1_1_YES_Single	-1.61239813944129	0.663328039012371	-0.538096760451622	0.0125922585016115	-1.08022288307929	-0.659320255580364	-0.403624795954074	-0.5631020799464	-0.0981393617123737	0.178480287111246	-0.915260156242841	-0.794912785889219	0.608413129984333	-0.897105540504022	-0.423425134708735	0.129852521871461	-0.26484683305173	-1.15619715771006	0.0703528843178694	-0.764535861825446	-0.163928842998763	-0.923209051168745
Q12888_S552_1_1_YES_Single	-0.629924237915822	0.519358096932525	-0.20344617587505	-0.0959266872497172	-0.443463549916951	-0.185238446640717	0.963017687901266	0.195778525542921	0.442631586032897	-0.00274142914683354	-0.831738417019451	-0.336946970686226	0.138698309770992	0.0628492766465127	0.652842411386528	0.458788110649512	0.189121564139666	-0.220183619239886	0.181787448051418	-2.27806451415758	0.0473438769161895	-0.0456179229480545
Q13263_S473_1_1_YES_Single	0.773957154050547	-0.0534504079633058	0.474521173704107	-1.58652326410086	-0.761911871100917	0.556711977002856	-0.507735487526272	-0.829529977239267	-0.137565294974186	-1.3529893311768	-0.334800641871939	-0.616683790874517	-0.108201659049781	-0.305714547514414	-1.07967083675954	-1.7557689740457	-0.511514150742894	-1.46582921564125	-1.31670871049777	-1.04893105455797	-0.571096737906715	-1.34517284417505
Q13547_S393_1_1_YES_Single	-0.742155486069228	-0.320075786312296	-0.163955767881544	-0.149329152288878	0.502236776435442	-0.0807146890712438	-0.236241020130389	-0.174570233070774	-0.62071387924904	-0.455758234251295	-1.18908205507033	0.152193979398065	-0.167019392308408	0.794080497735976	0.252858169141374	-0.717268198532863	-0.200513225349201	-0.220837479582619	-0.362377330913424	-0.0436459757534074	-0.592661049434877	-0.455568605300685
Q14839_S1308_1_1_NO_Single	0.00503725186155082	-0.886197549261654	0.0576985957070307	0.53558758548719	-0.00108179872157295	-1.08358438979511	1.47362281987552	-0.69317567483044	-0.227819124099618	-0.0848913416030456	-0.237079921562361	-0.873496963088493	-0.545708503621237	-0.385810126402916	-0.283397122963432	-0.369919823894422	0.279550740717436	-0.130949418336961	-0.00288303070728825	-1.42158280009777	-0.865314260270647	-0.120139549771841
Q14839_S1535_1_1_YES_Single	-0.731699283453383	0.414294789181444	-0.427597860437074	0.125911267626234	-0.0201522404476025	-1.39213428712138	-0.160090647515235	-1.63439178544211	0.429659122566808	-0.82119744979902	-0.212674836509241	-0.331554876906229	-0.677433614525219	-0.355508160914893	-0.0956276356853602	0.267890319792947	-1.40615149604029	-0.832104539572785	-0.489263833227722	0.946606463945967	0.119254755039831	-0.351238065059532
Q14938_S265_1_1_NO_Single	-1.26715595460452	-0.223597700367419	-0.336223404842239	-1.89717258629806	-0.276940669011606	0.131839672670154	-0.868488748041763	-0.642641337593656	-1.424628685567	-0.924969865795568	-0.347041792529805	-1.01535421702601	-1.41375091693788	-1.02105695680659	0.798455630737071	-0.033768993614583	0.387913675155728	-1.13700616242624	-0.828399983529298	-1.86988160534929	0.0356843744834464	-1.19036346679454
Q15596_S736_1_1_NO_Single	0.476263883493357	0.0457514356746472	0.152865157760742	0.07998946039944	0.232023802314693	0.101894178868821	-1.14825680009138	-0.361885801860912	-0.168459744387002	0.168447084975047	-0.383850336780317	0.536138279669347	0.0838179628099515	-0.242329973820665	0.0478661247231716	-0.298494712757666	-0.915275932297397	0.0164840896967642	0.0351363394432748	0.264226376363713	-1.29527531084444	-1.29987038445125
Q15742_S171_1_1_NO_Single	0.117762878244573	-1.31971067838872	0.377416431522622	-0.500504798241342	-0.201802045312546	0.612849816322389	1.32122436717833	0.422371533623003	0.243089852722482	1.25553087282594	1.01617231563073	0.419750546852162	-0.724052338613585	-0.945726743927464	0.556279532146941	1.31305558576752	1.53275279868328	0.386071678885647	-0.345355984286202	-1.16479236943417	-0.0540521240048279	-0.205030807982857
Q32MZ4_S120_1_1_NO_Single	-0.991210050725393	0.957368893114496	0.414569503201447	-0.185401577065891	0.657225402283053	0.438517525025889	0.0755968409120173	-0.319362772295011	-0.314113602638335	-0.59642758365961	1.60027698083222	-0.408112384658561	-0.006455418404412	-0.502604792771114	0.671857635405061	-1.37841907032453	-0.433122832645863	0.248933288921191	-0.0134354595547458	0.0206495663254373	-0.00458596036744837	-0.163040710608149
Q6P4R8_S228_1_1_NO_Single	0.605605899133334	-0.370712751653629	-0.28670045520391	0.230545684381806	-0.452284190509363	-1.39991901987028	0.406860447393643	0.0642128305347565	-0.0890602509560742	-0.343543735539835	-0.865544111900154	-0.115831472004396	-0.50978466794687	0.305039869104928	0.552631446398167	-0.420151708282149	-0.10742168697872	0.408106634441546	-0.618971138306743	0.267253817481891	-1.04761673898034	-0.260293002141206
Q8NHM5_S474_1_1_NO_Single	2.30737262552052	-0.623747489067998	0.308621310603835	-0.085373156096209	0.0293821525094857	0.305435457322801	0.692735274474796	0.0819776232242228	0.366210081203077	0.00443260459289364	-1.34280742513147	0.584521030692614	-0.117555389271552	-1.89506694223812	-0.855217577074489	-0.336098283196407	-0.549258908176955	0.654939123642841	1.09894016213754	0.564292526545144	-0.187443206570927	0.093458680330808
Q8TDY2_S222_1_1_NO_Single	0.543339176175605	0.203465145362571	0.40124296880685	-0.381263361160131	0.0374844275889773	1.11799463878461	0.242699515379257	0.219470878211711	0.509991627936915	1.1272002138248	-0.384810883720354	0.496831629480366	-0.891247650147936	-1.04918179222484	-0.361250207591411	0.356045663346001	-0.37618921664993	-0.282930407501365	-0.202784278407697	-0.865790644385003	-0.356197638179247	-0.077151505416595
Q8WUI4_S155_1_1_NO_Single	0.956231255675898	0.0955368660413479	-0.426916703283477	-0.182006877892637	0.210665674828717	0.166936643579134	0.821231129614188	-0.209167083068813	0.72182783257262	0.58207927886875	-0.186397288334845	0.0238687744798966	-0.228592704571051	-0.722089524561258	-0.456443402407612	0.0274454314334733	-1.05214760568374	0.374388459046456	0.490350868723517	-0.0370916562788486	0.316906179710231	0.117048140102416
Q92466_S26_1_1_NO_Single	-0.540224334985883	-0.354645923136844	-1.21110234273606	-0.808089114827788	-0.137810847886839	-0.764420446289078	0.00900158450385577	0.629225943186791	-1.06501375655513	-1.29916053427325	-0.480124784395149	-0.0260019074593957	-0.699040789661773	-0.384061442189583	-0.25860474116152	-0.600239303584236	-1.4977841498169	-0.385112945123352	-0.0979771978766172	-0.10097761933411	-0.298556904127235	-0.689598317552429
Q96AE4_S99_1_1_YES_Single	0.635968395810956	-2.10447646157014	-0.504222384949836	-1.7281832019916	-0.350160232166337	-1.46889555263241	-0.744689904395461	-0.722049862668348	0.860341235708188	0.0579899199507794	-0.90399481203423	-1.0603043857039	-1.78193293574775	-1.28230903345305	-0.272241572416237	1.21097420623812	-1.22395842023737	-1.51012402229692	0.395902395129874	0.231771697653905	-2.20575193613218	-1.5681861023281
Q96I24_T76_1_1_NO_Single	-0.736187305692662	-1.34454834564565	-0.658744399689642	-1.56329041686079	-1.91843037198185	-0.379844052184337	-1.3006336681426	-0.912200265614098	-0.118964099652933	0.810991853974166	-1.05489869996017	-0.363769630948092	0.0382947596478666	0.159538540305885	0.240626410098607	0.735616400186	0.201188928411224	-2.0676270543922	-2.18525153229842	0.898550385020069	-0.136093889332971	1.03020101116424
Q96ST3_S1112_1_1_YES_Single	0.151966593582887	-0.280910917928379	-1.10310628442801	0.0300792018456524	-0.355112078429956	-0.346397276166836	-0.126570491748671	-1.01585878483562	-0.617357669888636	-0.274629201968381	0.748008159859886	-0.631648186880306	-0.351533987836847	-0.437349984815372	0.132371606106255	0.211933051237358	-1.07260970035315	-0.0690486343361529	-0.266922110940463	0.349724493519752	-0.933329975454955	1.41368358704235
Q9HCK8_S2046_1_1_NO_Single	0.392172444314476	-1.15774505584925	-0.78261890297706	-0.211347019981343	-0.184845032917943	-1.26915754963432	-0.497587989726615	0.137015013490164	-0.021520689777887	-0.390679915264479	-0.435056587282667	-0.0628525316324249	-0.667956618792985	-0.530593064415193	0.0837217523993934	-0.785240342357871	-0.248086455180985	1.06959577404429	0.525669716448163	-0.355114480028224	-0.391895318985911	-0.65379985971539
Q9P0U4_S138_1_1_NO_Single	0.848777221167055	0.0211230260881913	0.00238417039761108	-0.0278596016181345	0.0131160712916159	0.0208430715811675	0.155485522311955	0.163309048721845	0.39993459850761	-0.154553827906528	-1.77817434351039	0.0323336296877797	0.0892353159211388	0.331347943502531	-0.671395690005679	0.178256173021959	0.0333243601135385	-0.199981795660706	-0.26684836141358	-0.640056975090612	-0.256821972448256	-0.870096222123213
Q9UGL1_S1456_1_1_NO_Single	-0.114897187759769	0.830369898566772	1.12847496145051	-0.715011541799381	-1.93706110626514	0.339722715799949	-0.811790499031522	-0.306341173346004	-1.11958906398318	-0.590214307218846	-0.502530698565654	0.14017462832831	-0.35965006080686	-1.84752006018131	0.461768196117952	-2.50817956071579	-0.533827075354676	-0.810205626608267	-0.427373704315236	0.038120872901645	-0.591774212247071	-0.845564090055664
Q9UHB7_S549_1_1_NO_Single	0.231867540564811	-0.159781008634209	-0.167414449883057	-0.32938547996061	-1.11706420419525	0.0461338479924821	-0.0984811911798852	-0.148010726762558	0.852382219773366	0.189670151199138	-0.266744174909649	-0.69122090025328	-1.0224943399019	0.142271819475645	-0.474598132953097	-0.46612535567334	-0.342082552437097	-0.320341934810321	-0.43472795058675	-0.462488195295619	-0.333232363894561	-0.138005819085128
Q9Y4A5_S2051_1_1_NO_Single	0.301398873364549	0.0261344234597111	0.42563998241965	-1.29539573058742	-0.738862224525807	-0.158279097864079	0.700387893042268	-0.981767699117016	0.0772701345218569	-0.0448853510666195	-1.29317012797729	-0.165996448707918	-1.00748681321089	-0.753460867076073	-0.844131395751966	-1.83676259212294	-0.723036923384762	-1.22938536817395	0.0434042832082242	-1.33541918851821	-2.05923797557071	-0.829552005579631
Q9Y618_S1487_1_1_NO_Single	-0.877029692478169	0.225274066935047	-0.164315675189297	0.898251972427948	0.0978610208598512	-1.12959328350766	-0.0924749670999213	-0.240875800143223	-1.42742346609212	0.337562517026304	-0.69233960404274	0.605012027327502	1.75495157333181	0.537161679031675	-1.29521569414114	0.697585293471181	0.330847510358584	-0.176498581520329	-0.638234058024693	-0.871470392597221	1.10907902912431	0.0327768617614646
Q9Y618_S1982_1_1_NO_Single	1.10840340846934	0.043387310667316	0.498385145942324	-0.205715997031914	0.251457554900162	0.572750098968222	-0.0675531781444065	0.149790868440745	1.11722619419976	0.606672887327206	-0.575103062947383	-0.267571578219374	0.144894715180268	0.950323609223414	-1.00348103147547	-0.0664172634997555	-0.782996202805553	0.00181209086920753	-0.026560268581741	-0.338732634005357	-0.0853901465004102	-0.239731885757692
Q9Y618_S1259_1_1_NO_Single	-0.812899936156633	-0.375970282982895	1.05383077883303	1.47300894804215	0.595505658118592	-0.318416667032574	0.0355592039795613	-1.10348729317017	0.728470605753971	-0.104354014028399	0.188728345653233	0.806464098514522	0.888009405856871	1.78654149379878	0.236200133933285	0.61059161649012	-0.213404544988461	0.337547017443652	-0.237751848583558	-0.91526527637166	0.599563216343342	0.690799916693902
